81
9
43
109
190
139
104
106
141
99
104
77
198
191
58
124
165
1
76
3
166
11
197
2
24
75
43
133
22
83
85
181
4
134
103
115
102
189
17
151
164
126
71
150
32
34
130
53
92
188
81
53
36
51
123
110
191
199
200
115
131
136
184
165
35
156
91
25
31
72
31
51
27
8
146
43
133
23
111
200
164
134
187
50
85
148
199
160
140
144
194
33
105
30
53
45
38
123
7
74
45
131
145
116
76
100
183
52
45
139
126
185
42
78
44
149
153
39
18
30
20
185
116
141
85
187
101
149
79
81
35
97
192
136
165
17
108
36
51
125
79
65
191
12
157
31
91
26
117
168
73
98
59
190
97
5
105
44
198
100
80
56
64
78
194
8
59
89
176
39
179
104
34
194
198
127
168
155
198
67
130
60
22
48
42
129
92
145
106
64
74
45
87
120
194
48
15
126
127
123
39
116
28
43
84
187
52
110
194
131
33
157
191
41
149
140
183
193
39
12
100
165
10
165
126
84
97
170
57
39
180
158
20
199
101
72
50
66
139
33
116
50
164
18
68
154
188
82
52
179
127
118
106
175
181
161
167
86
103
31
24
38
19
175
68
166
26
183
49
87
8
94
99
105
136
80
14
147
116
47
104
147
14
133
72
77
190
123
198
66
61
131
135
28
179
41
73
77
128
86
147
10
190
134
200
94
187
30
192
117
170
156
42
18
52
1
187
184
129
4
96
114
160
8
160
160
32
136
199
90
151
6
157
48
198
84
162
63
154
68
147
184
88
74
91
181
30
175
112
86
161
123
144
62
89
6
161
125
49
89
116
14
98
132
79
38
1
164
74
153
85
150
161
95
167
19
45
153
114
42
191
9
87
156
55
137
12
125
60
73
200
185
31
178
94
2
184
48
82
123
45
154
36
61
158
183
44
116
80
106
186
14
185
174
82
165
156
172
22
75
131
86
59
176
29
12
47
35
43
155
177
151
183
7
139
87
123
93
59
18
148
100
170
173
189
9
91
126
182
28
158
124
121
84
1
164
57
160
16
61
105
167
135
58
74
181
133
32
118
142
54
103
142
48
17
30
137
192
105
101
155
153
181
120
79
108
175
57
8
183
84
124
104
119
58
45
190
92
4
87
2
116
166
17
37
67
147
111
165
104
100
193
179
101
140
126
106
11
115
32
136
97
19
101
147
15
53
99
181
160
187
142
156
156
83
127
117
175
151
48
60
180
156
18
32
88
108
93
2
76
19
138
157
124
30
49
53
116
118
188
87
12
155
141
153
188
143
87
11
59
129
67
39
97
59
117
177
33
63
55
176
194
125
25
125
196
53
175
16
80
143
155
197
29
126
110
134
119
31
12
186
90
150
53
50
97
172
47
62
17
77
108
100
70
140
121
69
22
162
116
147
95
102
134
179
90
195
82
111
59
104
101
81
102
71
65
181
111
160
18
187
142
84
24
183
108
56
114
188
164
92
101
8
34
151
2
137
56
160
73
95
16
39
194
199
164
134
115
125
144
2
105
106
66
23
185
76
99
51
45
86
36
4
91
56
90
131
61
79
170
56
175
2
131
140
45
33
69
57
67
102
47
164
45
158
186
152
122
181
133
65
193
99
48
59
92
113
151
95
54
113
175
192
84
68
119
105
135
157
129
157
182
200
113
83
61
154
91
69
186
127
149
11
129
191
29
165
141
92
40
170
45
39
93
3
13
80
41
72
48
155
80
21
28
137
125
41
142
199
183
25
137
36
109
172
54
63
75
142
117
82
102
95
196
192
51
116
196
200
70
79
170
43
120
163
14
45
92
15
134
47
20
166
53
41
198
159
175
185
33
21
126
192
138
52
116
41
105
16
11
77
189
52
52
148
64
143
26
57
120
190
3
197
76
197
63
60
10
106
109
2
120
147
141
67
34
6
159
3
90
32
111
133
74
137
52
115
41
47
181
11
162
193
156
27
131
11
103
166
116
10
85
188
157
78
89
56
171
99
183
64
179
143
162
26
125
42
30
107
169
79
92
28
173
57
128
22
117
77
53
103
134
41
136
53
37
157
196
59
68
175
199
134
29
145
28
125
200
69
62
104
143
102
36
126
173
142
165
143
142
24
141
99
121
17
70
148
90
22
105
144
148
85
124
189
199
62
49
170
129
126
155
38
196
106
197
71
14
172
41
150
3
5
61
96
130
136
100
197
177
38
112
25
102
117
128
113
119
88
133
75
90
72
88
12
139
199
74
46
99
155
117
126
39
13
129
4
34
67
127
184
27
195
180
76
194
62
86
87
170
123
119
69
16
84
8
191
142
141
7
65
91
42
16
163
198
159
91
152
91
197
199
135
5
85
162
177
3
180
185
50
113
62
80
104
76
148
180
179
22
119
19
70
133
112
140
10
33
49
106
147
28
98
160
81
42
58
126
31
35
66
18
41
42
57
179
134
89
174
168
82
108
124
167
123
108
60
91
53
15
33
9
177
15
77
70
12
159
139
140
127
29
100
195
144
78
67
196
79
190
54
193
148
198
65
45
155
22
84
164
173
164
85
156
78
111
193
10
171
115
24
37
70
30
107
41
26
141
98
30
10
52
174
110
116
85
103
21
10
197
48
134
157
108
75
20
68
4
67
81
2
48
65
169
141
138
181
93
99
124
4
168
9
92
72
184
61
149
169
124
196
20
68
61
60
18
33
1
193
144
141
8
80
122
8
11
10
18
132
142
200
97
37
82
54
62
50
24
41
63
171
182
128
69
179
188
121
29
73
156
189
65
188
170
68
16
138
54
58
56
167
141
78
74
94
150
15
177
33
38
186
13
93
179
7
66
99
77
178
35
87
118
181
150
43
95
60
114
36
25
96
35
109
45
38
122
96
90
74
122
144
62
141
81
19
185
130
190
145
44
90
47
105
82
186
34
11
101
56
21
150
32
37
102
83
11
24
177
164
62
28
3
87
100
66
142
146
85
60
18
21
49
16
30
91
88
187
163
107
131
195
28
121
105
173
23
88
42
5
28
80
106
26
138
1
75
63
91
199
136
183
67
25
17
161
55
143
29
147
128
75
41
156
2
118
189
47
55
35
199
160
91
45
163
155
100
155
123
128
82
158
119
28
196
91
190
178
130
196
9
148
142
139
8
152
50
25
74
119
81
181
148
61
192
32
161
49
120
180
28
55
84
77
169
19
34
5
79
90
37
93
127
174
193
146
23
19
49
61
87
65
31
15
107
182
78
18
160
194
178
77
71
174
114
147
198
13
5
97
136
131
171
197
34
135
66
9
31
162
27
190
142
64
198
177
200
195
33
148
14
30
111
103
120
58
40
60
42
115
146
189
140
68
45
34
88
74
54
164
18
15
47
44
156
173
68
172
155
38
63
22
103
164
102
148
39
45
47
165
0
